P2
20 25
255
122 144 188 255 255 255 255 255 255 188 144 122 144 188 255 255 255 188 166 144 
99 122 144 188 255 188 255 255 255 255 188 144 188 255 255 188 255 255 166 166 
122 144 188 255 188 144 188 255 255 255 255 188 255 255 188 144 188 255 255 188 
144 188 255 188 144 122 144 188 255 255 255 255 255 188 144 122 144 188 255 255 
255 255 188 144 122 99 122 144 188 255 255 255 188 144 122 99 122 144 188 255 
255 188 144 122 99 77 99 122 144 188 255 188 144 122 99 77 99 122 144 188 
188 144 122 99 77 55 77 99 122 144 188 144 122 99 77 55 77 99 122 144 
255 188 144 122 99 77 99 122 144 188 255 188 144 122 99 77 99 122 144 188 
255 255 188 144 122 99 122 144 188 0 0 255 188 144 122 99 122 144 188 255 
255 255 255 188 144 122 144 188 0 255 188 0 255 188 144 122 144 188 255 255 
255 255 255 255 188 144 188 0 255 188 144 188 0 255 188 144 188 255 255 188 
0 0 255 255 255 188 0 255 188 144 122 144 188 0 255 188 255 255 188 144 
255 188 0 0 0 0 255 188 144 122 99 122 144 188 0 0 0 0 0 0 
188 144 188 255 255 255 188 144 122 99 77 99 122 144 188 255 255 255 255 255 
144 122 144 188 255 188 144 122 99 77 55 77 99 122 144 188 255 255 188 255 
122 99 122 144 188 255 188 144 122 99 77 99 122 144 188 255 255 188 144 188 
99 77 99 122 144 188 255 188 144 122 99 122 144 188 255 255 188 144 122 144 
77 55 77 99 122 144 255 255 188 144 122 144 188 255 255 188 144 122 99 122 
99 77 99 122 144 188 255 255 255 188 144 188 255 255 188 144 122 99 77 99 
122 99 122 144 188 255 255 255 188 255 188 255 255 188 144 122 99 77 55 77 
144 122 144 188 255 255 255 188 144 188 255 255 255 255 188 144 122 99 77 99 
188 144 188 255 255 255 188 144 122 144 188 255 255 255 255 188 144 122 99 122 
255 188 255 255 255 188 144 122 99 122 144 188 255 255 255 255 188 144 122 144 
255 255 255 255 188 144 122 99 77 99 122 144 188 255 255 255 255 188 144 188 
255 255 255 188 144 122 99 77 55 77 99 122 144 188 255 255 255 255 188 255 
