P2
25 20
255
122 99 122 144 255 255 188 255 255 255 255 255 255 188 144 122 99 77 99 122 144 188 255 255 255 
144 122 144 188 255 188 144 188 255 255 255 255 188 144 122 99 77 55 77 99 122 144 188 255 255 
188 144 188 255 188 144 122 144 188 255 255 255 255 188 144 122 99 77 99 122 144 188 255 255 255 
255 188 255 188 144 122 99 122 144 188 255 255 255 255 188 144 122 99 122 144 188 255 255 255 188 
255 255 188 144 122 99 77 99 122 144 188 255 255 255 255 188 144 122 144 188 255 255 255 188 144 
255 188 144 122 99 77 55 77 99 122 144 188 255 255 188 255 188 144 188 255 255 255 188 144 122 
255 255 188 144 122 99 77 99 122 144 188 255 255 188 144 188 255 255 255 255 255 188 144 122 99 
255 255 255 188 144 122 99 122 144 188 255 255 188 144 122 144 188 255 255 255 188 144 122 99 77 
255 255 255 255 188 144 122 144 188 255 255 188 144 122 99 122 144 188 255 188 144 122 99 77 55 
188 255 255 255 255 188 144 188 255 255 188 144 122 99 77 99 122 144 188 255 188 144 122 99 77 
144 188 255 255 255 255 188 255 255 188 144 122 99 77 55 77 99 122 144 188 255 188 144 122 99 
122 144 188 255 255 188 144 188 255 255 188 144 122 99 77 99 122 144 188 255 255 255 188 144 122 
144 188 255 255 188 144 122 144 188 255 255 188 144 122 99 122 144 188 255 255 255 255 255 188 144 
188 255 255 188 144 122 99 122 144 188 255 255 188 144 122 144 188 255 255 188 255 255 255 255 188 
255 255 188 144 122 99 77 99 122 144 188 255 255 188 144 188 255 255 188 144 188 255 255 255 255 
255 188 144 122 99 77 55 77 99 122 144 188 255 255 188 255 255 188 144 122 144 188 255 255 255 
255 255 188 144 122 99 77 99 122 144 188 255 255 255 255 255 188 144 122 99 122 144 188 255 255 
188 255 255 188 144 122 99 122 144 188 255 255 255 255 255 188 144 122 99 77 99 122 144 188 255 
166 166 255 255 188 144 122 144 188 255 255 188 255 255 188 144 122 99 77 55 77 99 122 144 188 
144 166 188 255 255 188 144 188 255 255 188 144 188 255 255 188 144 122 99 77 99 122 144 188 255 
